function []=plot_corr(type)

BJ_CO=[0.8634044872886854
0.8389117478637446
0.902684861953547
0.9469463538985406
0.9733023453633936
0.772249270765
-0.3350827980517501
0.9633890578866793
0.07840932544278288
0.8183361235619603
0.7251610738259983
0.924726530914502
0.9446585920349225
0.8178643147021806
0.4807416028726392
0.7626200378780794
0.7222482987833811
0.8357808786042116];

BJ_NO2=[-0.0880646139681528
0.70745554068885
0.7537693200573045
0.7304093336457739
0.3552890171654268
0.2291110285554613
-0.0789441623110487
0.7032497708148535
0.18695917121841787
0.45980672167312686
-0.217955727647536
0.7401931732005625
0.41228402161615646
0.6141669114440752
0.5557292089153113
0.5093081830297378
0.10316919370796546
0.45985301923945754];

BJ_SO2=[0.7526413207877369
0.11174725398030723
0.8508344291551945
0.5901861419843749
0.7470348569075214
0.4262782566151366
-0.45116621486522634
0.7241376413706065
0.5453952903271149
0.7149855020453578
0.510139814982702
0.6461694638098421
0.5222171685273675
0.5845007307650252
-0.0021594143418075646
0.8081477664204276
-0.029890084961359812
0.803995344211702];

BJ_PM10=[0.7616184040050089
0.8737746617283557
0.8999252550410776
0.8855641097991589
0.8591730582205143
0.9003691240935339
0.8315100950860113
0.9637235784344776
0.9194208883430104
0.9505025173050629
0.9536357986068865
0.9649498787177974
0.7739839453665848
0.899748872515707
0.5099367008076582
0.704038015262075
0.4989566920349369
0.892571072165559];

BJ_O3=[0.20416446909196723
-0.3762734940171676
0.43341556656619956
-0.007348276713722477
-0.3683965398631979
0.1192319125346092
0.5342350854375135
-0.6728914305009628
0.4632166973622684
0.5317238361857956
0.7496650417622881
-0.5490483354112843
-0.6379374343405528
-0.3463004197241818
-0.35186401175587956
0.18447900640794507
-0.2662143623893348
0.23767507461710924];

SH_CO=[0.14089133449227295
0.3452826048181538
0.6877569444953315
0.7139984865145319
0.37677914341387914
0.3025415489602641
0.2998042770340175
0.2557515716001774
0.6638049611713829
0.6317207828107437
0.36281681761851226
0.5236160984785764
0.6639679398964173
0.23472993160373917
0.23977455305693587
0.5487006358840304
0.004891534649635752
0.05579337502111539];

SH_NO2=[-0.365076815143864
0.6544730330566022
0.40197613896039586
0.6192793947970147
0.4613551191093071
0.42301699325818765
0.6541924607291656
0.3780029798904692
0.8463274717806277
0.46214271618216646
0.28705079679694134
0.6639868776684814
0.633980685034172
0.256614957694929
0.09405394115954431
0.1471819535602354
-0.2680963532500204
0.4820563756232709];

SH_SO2=[0.07208525830145586
0.6011073597722495
0.6620242197571929
0.669407853705347
0.14013715675706118
0.14486943245283374
0.5210083089266124
0.651957907066899
0.8487739431584133
0.8509197591296987
0.15363971097811777
0.6729077475947816
0.4157796366653604
0.2447710955326413
0.6304634291664272
0.4754452060971638
-0.23058164251196053
0.7541622613880282];


SH_PM10=[0.7219459898626934
0.9576276669025072
0.8702759917599812
0.6411777499244474
0.8394513644582312
0.5040340034210488
0.7512075619545967
0.7948638526430087
0.988241430609007
0.7109950574736348
0.5847563289357819
0.7991522446466002
0.8287792623954874
0.06801809604848813
0.6892130042967627
0.9251101169366537
0.2324548572350106
0.8528552661098887];

SH_O3=[0.10788804028460874
0.3135614707116533
0.2760985792072387
-0.26091445475631625
-0.0947586721449226
-0.2501442731139789
-0.5060962512455189
-0.11854077620457144
-0.37703852899132495
-0.6337206410378399
0.31471806966203536
0.38689701250109965
-0.3097574715974917
-0.6428749263690978
0.18383478337336615
-0.31854941634184436
-0.45532332571119544
-0.8132491438177707];

BJ_ws=[-0.3477525254823187
0.06512959864500151
0.1875405037785086
-0.09832313719062867
-0.22386815020503495
-0.4983123470684787
0.29104892800056364
0.2150285281649252
0.06118818829632312
-0.01568166644883082
-0.2548818870529295
-0.3778153388364307
-0.20029240817398433
0.36856816637859685
-0.2026336035440928
-0.09545918693895053];

BJ_temp=[0.22850333468128514
-0.36815657502581844
-0.3395211974832751
0.4590427898409618
0.13859867443170532
0.9328101549078378
0.27124279510885063
0.6903983441020138
0.7235760614126041
-0.7030026263735837
-0.42529710939637594
-0.36808213360474473
-0.33621402384351856
0.49285271736179465
-0.2845432787270948
0.4833960620505747];

BJ_press=[-0.40823938483778094
-0.43980583402963497
-0.3071904478469639
-0.16635187083663935
-0.08409815905664901
-0.37741312721729287
-0.5488273440368012
0.35003597009465426
-0.5253112609207835
0.5059597469823018
0.4367722687371539
-0.10028048791407719
0.2620855789918163
0.1325917032673813
0.02698160267612123
-0.43498669628395453];

BJ_humidity=[0.090893671405361
0.7790676026950137
0.6534514430491404
-0.38491713573061304
-0.08448583573595256
0.009585459736974968
-0.11781957098089543
-0.18287186038173592
-0.3117302216190301
-0.17155878680797854
0.12446377758707498
0.3754564461423099
0.25792349906669926
-0.2677251459029467
0.23946332650778301
-0.6983619584993114];

SH_ws=[-0.16819609755332132
0.04914111188932654
0.3202497366529849
0.016002268511426665
-0.6973136057695585
0.08317988686919922
-0.3192953772515746
-0.2290721648373476
-0.13338710925313385
0.16270088938723
-0.1826379553177019
-0.07023583784820239
-0.08689938972113381
-0.18000489655861387
-0.20623875233557562
0.13977462270865434];

SH_temp=[0.8440164696591771
0.5741823447201374
0.11830186539615202
-0.27834894074161015
0.739425309944535
-0.26068489930310657
0.16833630770199695
-0.050309705483811154
-0.4319534770064499
0.484743856066568
-0.09194204060567221
-0.07184044037299778
0.3284269585413825
0.22381727853971203
0.19426620245663268
0.1414454663660359];

SH_press=[-0.5348803457155942
-0.8029879942797069
0.5302630075957699
-0.054780656095193676
0.8228291308752287
0.2698701625357482
0.6423222830913564
-0.5255213383513155
0.15838390431500574
-0.5436965549323403
0.6925049918509835
-0.7512227956047456
-0.34272498305449045
0.6797445688965598
-0.10005830580279843
0.4508098788370832];

SH_humidity=[-0.7500081808268844
-0.47650958201008264
-0.3096785988788322
0.09541488923565936
-0.5921572020332247
0.09383767129009545
-0.4600482231291891
0.4293760565765032
-0.20431314646468196
-0.366860237056814
0.19586864373152899
0.36258341773846114
0.15326885748305022
0.355708677527935
-0.16187473214516537
-0.1620668139687838];
